0 0 0
0 0 0
0 0 0
0 0 0
0 0 0
0.6883253 -0.555867 2.276232
0.6063119 -0.7278654 3.081089
0.1907135 -0.8596991 3.646218
-0.3215383 -0.8507882 3.683414
-0.4340803 -0.6909965 3.160823
0.1814499 -0.6425182 2.677458
0.9069215 -0.497712 2.232654
0.8945001 -0.4055642 1.748359
0.509057 -0.4309319 1.752097
-0.02173482 -0.506332 2.268066
-0.4968697 -0.6512549 2.883642
-0.616869 -0.7992527 3.455791
-0.3731574 -0.9723873 3.968854
0.2126102 -0.9999664 4.138477
0.7889231 -0.8871983 3.734347
1.023985 -0.7364392 3.126198
0.7692271 -0.5530849 2.375009
0.2902841 -0.4229328 1.741621
-0.231905 -0.2558761 0.9694508
-0.2328385 -0.4815289 0.5653799
-0.2328385 -0.4815289 0.5653799
-0.2328385 -0.4815289 0.5653799
-0.2328385 -0.4815289 0.5653799
-0.2328385 -0.4815289 0.5653799
